18 -4 1 0 0 0 0 0 0 0 0 0 0 0 0;
-4 15 -4 1 0 0 0 0 0 0 0 0 0 0 0;
1 -4 15 -4 1 0 0 0 0 0 0 0 0 0 0;
0 1 -4 15 -4 1 0 0 0 0 0 0 0 0 0;
0 0 1 -4 15 -4 1 0 0 0 0 0 0 0 0;
0 0 0 1 -4 15 -4 1 0 0 0 0 0 0 0;
0 0 0 0 1 -4 15 -4 1 0 0 0 0 0 0;
0 0 0 0 0 1 -4 15 -4 1 0 0 0 0 0;
0 0 0 0 0 0 1 -4 15 -4 1 0 0 0 0;
0 0 0 0 0 0 0 1 -4 15 -4 1 0 0 0;
0 0 0 0 0 0 0 0 1 -4 15 -4 1 0 0;
0 0 0 0 0 0 0 0 0 1 -4 15 -4 1 0;
0 0 0 0 0 0 0 0 0 0 1 -4 15 -4 1;
0 0 0 0 0 0 0 0 0 0 0 1 -4 14 -2;
0 0 0 0 0 0 0 0 0 0 0 0 1 -2 10;